{
 "cells": [
  {
   "cell_type": "markdown",
   "metadata": {},
   "source": [
    "# Calibraci칩n de C치mara 游닝丘뙖잺"
   ]
  },
  {
   "cell_type": "code",
   "execution_count": 50,
   "metadata": {},
   "outputs": [
    {
     "name": "stdout",
     "output_type": "stream",
     "text": [
      "OpenCV should be 4.8.0.76 Current version: 4.8.0\n"
     ]
    }
   ],
   "source": [
    "import cv2\n",
    "print(\"OpenCV should be 4.8.0.76 Current version:\", cv2.__version__)\n",
    "from typing import List\n",
    "import numpy as np\n",
    "import imageio\n",
    "import cv2\n",
    "import copy\n",
    "import glob\n",
    "import os"
   ]
  },
  {
   "cell_type": "code",
   "execution_count": 51,
   "metadata": {},
   "outputs": [],
   "source": [
    "def load_images(filenames: List) -> List:\n",
    "    return [imageio.imread(filename) for filename in filenames]"
   ]
  },
  {
   "cell_type": "code",
   "execution_count": 52,
   "metadata": {},
   "outputs": [
    {
     "name": "stdout",
     "output_type": "stream",
     "text": [
      "5\n"
     ]
    },
    {
     "name": "stderr",
     "output_type": "stream",
     "text": [
      "C:\\Users\\User\\AppData\\Local\\Temp\\ipykernel_2736\\283608422.py:2: DeprecationWarning: Starting with ImageIO v3 the behavior of this function will switch to that of iio.v3.imread. To keep the current behavior (and make this warning disappear) use `import imageio.v2 as imageio` or call `imageio.v2.imread` directly.\n",
      "  return [imageio.imread(filename) for filename in filenames]\n"
     ]
    }
   ],
   "source": [
    "imgs_path = sorted(glob.glob(\"chessboard/*.jpeg\"))\n",
    "imgs = load_images(imgs_path)\n",
    "print(len(imgs))"
   ]
  },
  {
   "cell_type": "code",
   "execution_count": 53,
   "metadata": {},
   "outputs": [
    {
     "name": "stdout",
     "output_type": "stream",
     "text": [
      "True\n"
     ]
    }
   ],
   "source": [
    "size = (9, 6)\n",
    "\n",
    "# Convertir a escala de grises\n",
    "imgs_gray = [cv2.cvtColor(img, cv2.COLOR_BGR2GRAY) for img in imgs]\n",
    "\n",
    "# Detectar esquinas\n",
    "corners = [cv2.findChessboardCorners(image=img_gray, patternSize=size) for img_gray in imgs_gray]\n",
    "\n",
    "# Guardar los ret\n",
    "ret_values = [c[0] for c in corners]\n",
    "print(sum(ret_values) == len(ret_values))\n",
    "\n",
    "# Comprobaci칩n: primera coordenada detectada en la primera imagen\n",
    "# print(corners[0])"
   ]
  },
  {
   "cell_type": "code",
   "execution_count": 54,
   "metadata": {},
   "outputs": [
    {
     "name": "stdout",
     "output_type": "stream",
     "text": [
      "[[1405.8738 1024.0067]]\n"
     ]
    }
   ],
   "source": [
    "corners_copy = copy.deepcopy(corners)\n",
    "criteria = (cv2.TERM_CRITERIA_EPS + cv2.TERM_CRITERIA_MAX_ITER, 30, 0.01)\n",
    "\n",
    "corners_refined = [\n",
    "    cv2.cornerSubPix(\n",
    "        img_gray, cor[1], (3, 3), (-1, -1), criteria\n",
    "    ) if cor[0] else []\n",
    "    for img_gray, cor in zip(imgs_gray, corners_copy)\n",
    "]\n",
    "\n",
    "# Comprobaci칩n: primera esquina refinada de la primera imagen v치lida\n",
    "print(corners_refined[0][0])"
   ]
  },
  {
   "cell_type": "code",
   "execution_count": 55,
   "metadata": {},
   "outputs": [],
   "source": [
    "imgs_copy = copy.deepcopy(imgs)\n",
    "\n",
    "drawed_corners_initial = [\n",
    "    cv2.drawChessboardCorners(\n",
    "        image=img,               \n",
    "        patternSize=size,\n",
    "        corners=cor[1],\n",
    "        patternWasFound=ret\n",
    "    ) if ret else img\n",
    "    for img, cor, ret in zip(imgs_copy, corners, ret_values)\n",
    "]\n",
    "\n",
    "drawed_corners_refined = [\n",
    "    cv2.drawChessboardCorners(\n",
    "        image=img,\n",
    "        patternSize=size,\n",
    "        corners=corner,\n",
    "        patternWasFound=ret\n",
    "    ) if ret else img\n",
    "    for img, corner, ret in zip(imgs_copy, corners_refined, ret_values)\n",
    "]"
   ]
  },
  {
   "cell_type": "code",
   "execution_count": 56,
   "metadata": {},
   "outputs": [],
   "source": [
    "def show_image(img, img_name=\"imagen\"):\n",
    "    cv2.imshow(img_name, img)\n",
    "    cv2.waitKey(0)\n",
    "    cv2.destroyAllWindows()\n",
    "    \n",
    "def write_image(img, output_folder, identificacion):\n",
    "    os.makedirs(output_folder, exist_ok=True)   \n",
    "    img_name = f\"{output_folder}/corners{identificacion}.jpg\"\n",
    "    cv2.imwrite(filename=img_name, img=img)\n",
    "\n",
    "output_folder = \"output/initial_corners\"\n",
    "\n",
    "# Guardar y mostrar detecciones iniciales\n",
    "for i, img in enumerate(drawed_corners_initial):\n",
    "    show_image(img, f\"initial_{i}\")\n",
    "    write_image(img, output_folder, f\"initial_{i}\")\n",
    "\n",
    "output_folder = \"../output/refined_corners\"\n",
    "\n",
    "# Guardar y mostrar detecciones refinadas\n",
    "for i, img in enumerate(drawed_corners_refined):\n",
    "    show_image(img, f\"refined_{i}\")\n",
    "    write_image(img, output_folder, f\"refined_{i}\")"
   ]
  },
  {
   "cell_type": "code",
   "execution_count": 57,
   "metadata": {},
   "outputs": [],
   "source": [
    "def get_chessboard_points(chessboard_shape, dx, dy):\n",
    "    cols, rows = chessboard_shape \n",
    "    matrix = [(j * dx, i * dy, 0) for i in range(rows) for j in range(cols)]\n",
    "    return np.array(matrix, np.float32)"
   ]
  },
  {
   "cell_type": "code",
   "execution_count": 58,
   "metadata": {},
   "outputs": [
    {
     "name": "stdout",
     "output_type": "stream",
     "text": [
      "(54, 3)\n"
     ]
    }
   ],
   "source": [
    "points = get_chessboard_points((9, 6), 30, 30) \n",
    "print(points.shape)\n",
    "chessboard_points = [points for ret in ret_values if ret]"
   ]
  },
  {
   "cell_type": "code",
   "execution_count": 59,
   "metadata": {},
   "outputs": [
    {
     "name": "stdout",
     "output_type": "stream",
     "text": [
      "Number of valid images: 5\n",
      "(54, 1, 2)\n",
      "(54, 1, 2)\n",
      "(54, 1, 2)\n",
      "(54, 1, 2)\n",
      "(54, 1, 2)\n"
     ]
    }
   ],
   "source": [
    "# Filter data and get only those with adequate detections\n",
    "valid_corners = [corner for corner, ret in zip(corners_refined, ret_values) if ret]\n",
    "\n",
    "# Convert list to numpy array\n",
    "valid_corners = np.asarray(valid_corners, dtype=np.float32)\n",
    "\n",
    "print(\"Number of valid images:\", len(valid_corners) )\n",
    "for valid in valid_corners:\n",
    "    print(valid.shape)"
   ]
  },
  {
   "cell_type": "code",
   "execution_count": 60,
   "metadata": {},
   "outputs": [
    {
     "data": {
      "text/plain": [
       "0.5905600529157087"
      ]
     },
     "execution_count": 60,
     "metadata": {},
     "output_type": "execute_result"
    }
   ],
   "source": [
    "img_size = (np.array(imgs_gray)[0].shape[1], np.array(imgs_gray)[0].shape[0])\n",
    "rms, intrinsics, dist_coeffs, rvecs, tvecs = cv2.calibrateCamera(\n",
    "    chessboard_points,\n",
    "    valid_corners,\n",
    "    img_size,\n",
    "    None,\n",
    "    None\n",
    ")\n",
    "\n",
    "# Obtain extrinsics\n",
    "extrinsics = list(map(lambda rvec, tvec: np.hstack((cv2.Rodrigues(rvec)[0], tvec)), rvecs, tvecs))\n",
    "rms"
   ]
  },
  {
   "cell_type": "code",
   "execution_count": 61,
   "metadata": {},
   "outputs": [
    {
     "name": "stdout",
     "output_type": "stream",
     "text": [
      "Intrinsics:\n",
      " [[1.23599705e+03 0.00000000e+00 8.12289434e+02]\n",
      " [0.00000000e+00 1.24277839e+03 5.78128844e+02]\n",
      " [0.00000000e+00 0.00000000e+00 1.00000000e+00]]\n",
      "Distortion coefficients:\n",
      " [[ 0.13903484 -0.48187775 -0.01645601  0.00532882  0.70090674]]\n",
      "Extrinsics:\n",
      " [array([[-9.92015121e-01, -6.98509419e-02,  1.05008788e-01,\n",
      "         2.19821246e+02],\n",
      "       [ 1.23356935e-01, -7.10693074e-01,  6.92602644e-01,\n",
      "         1.67620768e+02],\n",
      "       [ 2.62500713e-02,  7.00025857e-01,  7.13634873e-01,\n",
      "         4.65372253e+02]]), array([[-9.75880311e-01, -1.28769161e-01, -1.76284209e-01,\n",
      "         7.65096567e+01],\n",
      "       [ 4.77925047e-03, -8.19917118e-01,  5.72462294e-01,\n",
      "         1.21207245e+02],\n",
      "       [-2.18253930e-01,  5.57812175e-01,  8.00756392e-01,\n",
      "         5.06547780e+02]]), array([[-9.75732259e-01, -1.29285548e-01, -1.76725225e-01,\n",
      "         7.66101526e+01],\n",
      "       [ 5.26329380e-03, -8.20700633e-01,  5.71334200e-01,\n",
      "         1.22003663e+02],\n",
      "       [-2.18903759e-01,  5.56539053e-01,  8.01464551e-01,\n",
      "         5.06581762e+02]]), array([[-9.81157521e-01, -1.26464854e-01,  1.46070395e-01,\n",
      "         1.75663218e+02],\n",
      "       [ 1.87116321e-01, -8.10328497e-01,  5.55297406e-01,\n",
      "         2.12505159e-01],\n",
      "       [ 4.81393981e-02,  5.72166381e-01,  8.18723538e-01,\n",
      "         6.11169099e+02]]), array([[-9.92258672e-01, -7.01391172e-02,  1.02485280e-01,\n",
      "         2.19700633e+02],\n",
      "       [ 1.21821526e-01, -7.10072264e-01,  6.93510559e-01,\n",
      "         1.67701287e+02],\n",
      "       [ 2.41297367e-02,  7.00626780e-01,  7.13119816e-01,\n",
      "         4.65151120e+02]])]\n",
      "Root mean squared reprojection error:\n",
      " 0.5905600529157087\n"
     ]
    }
   ],
   "source": [
    "# Print outputs\n",
    "print(\"Intrinsics:\\n\", intrinsics)\n",
    "print(\"Distortion coefficients:\\n\", dist_coeffs)\n",
    "print(\"Extrinsics:\\n\", extrinsics)\n",
    "print(\"Root mean squared reprojection error:\\n\", rms)"
   ]
  },
  {
   "cell_type": "code",
   "execution_count": null,
   "metadata": {},
   "outputs": [
    {
     "name": "stdout",
     "output_type": "stream",
     "text": [
      "Saved to calibration_phone.npz\n"
     ]
    },
    {
     "ename": "",
     "evalue": "",
     "output_type": "error",
     "traceback": [
      "\u001b[1;31mThe Kernel crashed while executing code in the current cell or a previous cell. \n",
      "\u001b[1;31mPlease review the code in the cell(s) to identify a possible cause of the failure. \n",
      "\u001b[1;31mClick <a href='https://aka.ms/vscodeJupyterKernelCrash'>here</a> for more info. \n",
      "\u001b[1;31mView Jupyter <a href='command:jupyter.viewOutput'>log</a> for further details."
     ]
    }
   ],
   "source": [
    "np.savez(\n",
    "    \"calibration_phone.npz\",\n",
    "    K=intrinsics,\n",
    "    dist=dist_coeffs,\n",
    "    img_size=np.array(img_size),\n",
    "    rms=np.array([rms], dtype=np.float32),\n",
    ")\n",
    "print(\"Saved to calibration_phone.npz\")"
   ]
  }
 ],
 "metadata": {
  "kernelspec": {
   "display_name": "voi-lab",
   "language": "python",
   "name": "python3"
  },
  "language_info": {
   "codemirror_mode": {
    "name": "ipython",
    "version": 3
   },
   "file_extension": ".py",
   "mimetype": "text/x-python",
   "name": "python",
   "nbconvert_exporter": "python",
   "pygments_lexer": "ipython3",
   "version": "3.9.21"
  }
 },
 "nbformat": 4,
 "nbformat_minor": 2
}
